ANSIBLE_VAULT;1.1;AES256
65303237316533386135326163663938383230386234346465393161663537326432643337623035
3165633931316134663439653031376566336234643833620a623561643938353435633234633265
34653639396637626564343531643433653036656330386166383037623964323363313630333338
3862353831363538620a623932326530316262313635363230616335346131616634613438666135
32373935306564303434623165376131343934333361636266646532306330643763626330356563
38373430653763626131653261663635393265393634393962366432633833303232646163316437
62613463633261393565653736643063343363613763383366363936383536623233626562386466
61323038656439316137613530306239646464393335373535663832323132366335613037363964
66393563343039666233626630323838386532663438346635633531343864613137396462363063
64343032303436623935633332363461323865356665323566333635653432393533343332376365
30303663393738346434653065383336353165666636383934633666373162383062616537366165
35343362336337656231303866623463653836353030336266316464366237623534613230653434
64326562653665633061393831666666623964656661326239333264363966373039
