$ANSIBLE_VAULT;1.1;AES256
65646330313032623737613732633739313864653134356264643065333034343939396333663362
6162373435396166626530623063363234636334366237650a666335626362346633353436376362
65366439363064343635663239313030643765653330616664303334313136663131646663663262
3665633934313461310a313439363631323635336334383964646639633032653734383334366138
66326436313565626461396639626332653531313535356462653664656435633636373638363936
61343233323732333966623365346639663164663033636339383530656135663762633832363637
65373533663962626234393635383963383634313735323032623139663138366635616335373764
35393338353834643632383934396564383566376237383164623930346462663331356431373639
31316130613133306233356531366166366333373165653733623031633230313134346161663635
30316666336333633133366561666336363935613130623566643830646435343361643733653361
32653834313163636135396631363531353334323564373566613333626630306435663263366532
35643234316533656665343062303865396666663965353365616339393730643765333764373462
38393130396537613334376235376435343962313436376237376635346332633961616363346631
36343661633662333965323535376530316434383133323464353062353731356434626336396662
65383461386337336666333333373037316531653861613666393033363661653462633261343866
31666265383338613665613763666635383339306435646638353332323933623831323761373564
63626164343162376161363731303063666266323231353163323961313965616261636537346233
36356637396663343134656639663864633965623263303561393365623035623438626666323763
32646531646361336262656263633635356432353066343961316437396232313861363261636464
33613863323536316232613835633662396334636630356130306462306236316636346430633262
63366466613233373538366237646431323233376231356132333238313631313532613431393131
31613163393537653364663436346439303861643165363761386334313365633266653832646231
65306338653639656530383564326462626430393034343266333061666163636635336130373230
65623838633839656137336465306465303062303338663730346433626434313764643965373435
31363765316133303561663033326465343137623235313731333735336239396631303261636265
61383866353966316333343964633834396662383934373038336238626462613038656537393136
66306366633962646536306263313231313166306164313762393861323063656633656338333566
36313736623661313735303861313366396466646333363332623437383836623165663730356361
35643964666530343338633431383839613636636230326264633536386535393933363930613238
37336164383537643434323532333163653339366435646162343466396631386136383663303738
39356533303664633961653339343563623636373961616236373037323730366538633261633364
36323037616438343437
