$ANSIBLE_VAULT;1.1;AES256
34356664353739626336323331353536383765336432626336663230633464646635353935643036
6539646366386331336166346238393733633833333933610a666265383962656665353137653063
61613264323535323835646231316161613835633132386163346535363736393734653738333230
3436653631353037300a356439643961396361616334323663356439313035303065306265336664
39363234653839643661643130623533386462393931613237353432346265663565623232613030
31663033323738376661643461656639356633626136333566396463323065376436653334303239
61386262363064653639326661653738316230646563646135396534303366306466323066366163
66316563336335363963376265316639373466363436393938396163346366366235373637633161
63356239393238386530646637636634313237366434656136303137303862656530326263636337
37666265353465323264366535343463333835643139343930376138373635313739386231626432
30353562343866653032316630613033633166613235653938353033313164313463306562633534
39376361333139653832363463623663633535613236383835636362633663383634653764646632
63376236346636353661613435373130613238386265363263326563323431663736303938613664
33326639383831646561666336663663336631613939313532316133613230363762336231313930
35663936656539646437636262646331623038396665343866376133333463663133333865346630
38316565383834363937623830393661653735386537353564633761333734393763303532643437
30346635383234376537653030623961636265653566333463636238643465633964333436646133
32653164653366613364326266353262346536363535386664653839626364316565633834323364
39653063313433376530353835326262306131666531636635643731323563626631373138653438
33356563353839613136643465373632343639653465333436383962386432353833643765396565
66616139393461363061643034356364313162333336643332386266646538393038636230343963
32663337616332646531646536373633333963306438316561613437313761363364326138393237
39366565363430363138396131383463633836623837373437306530333836626433363965663136
30333961383266643332363438636463366335356635366561363039376664396661663261383536
3265
