$ANSIBLE_VAULT;1.1;AES256
30393361356434353138656234343035383666626237636334303336396433383666393266626366
6533316430323164626637323930623436363566373435330a316538343366396365376666633861
61356165303965316533316262363665396663353330336265663230613639363537366433656434
6264636636346531610a343533306632306331383931393934643964643262343634663162326533
37343833393561323764343331306233376330383135393039663239373936353836323962616338
66373332346239353366363063383537373663343034653961356435633765666161663838313032
37653338623139376432653364656239383338653863666432666337663835353461663235633732
66303362343866316331363130643136646131366165666332323962353332643738393630383065
63303931366537663565373933346665326636393262396334376230616463346438366331666330
30363436326537656465633463666263616231383133393930393635333363633938393839363831
34316135303766373664386466373337336265333537633165326539633437303662363639356566
39663565656133633462633034363231656262616431333966663333373931616239623066643634
65663338653562313437393638303264666266353931333431313166653538666538343966336530
30306138393330376134356437343466383030333133623337373031656666323638363062336466
31343366396138633066326535316631616265323135333630373537353534633433343262636539
38613430653161653862376564353432646131356636623463656137616130346438623666353437
35663534386264663839366633356233373038343131626137346631393961373035626661326466
3936666436663633386164313835323936656334306530656235
