$ANSIBLE_VAULT;1.1;AES256
62626636383339313633636439313561616236386661353762386366623065376231343232393236
6330656633626164626466343162373634343731636139640a346530633434373366616334336534
36623232313731353964336563623863376563656637336137343066373864363530373430626435
6337323737333137300a666431363638663663623535343334656535366263306236373633396330
31323035343338323462666538643765313765386466383134366638326533393661653233356431
31646465346666663362323633373865336139353538653163336639303837313738393566636266
34326338613161623661303838333430323066373735333339383565653838633138336466656262
30313863323063306430366264653861643732303736363234303032663766343763626238613734
38663964663664316264653839666439616632336336303864363066373066373134303066303635
64393937653430343766353561663533303238316330623037653537653630353937376130336463
61346464633962623664383334353630633964333766323335356661623731626137356464646339
38653938343365303264333639656265376233616135663638373763363931326430666664646266
64616131333433636132353863633961393862636163383463363336303961646563323765336135
62343631626663383563653537613634313462666432333633623064633030316537653032303133
31663062343965346430666139323932306134643139356330633035663763393139353266323133
33656236613837663665626334643866636362333864393035303530666338616661316231386635
62663465666238383162386632616535636464353133366534613061353032636234633264633062
35623230323262643231383436333433306631346638373234626361306433633435623737313163
66653464623731646437323333373239356639326334633166383264386537303934373133366634
37326563616130383232663837316232636130613931656438306238646536323462333734376638
35333265383864396564613364613532633432613936613263363966326263353966
