$ANSIBLE_VAULT;1.1;AES256
343566643537396263363233313535363837653364326263366632306334646466353539356
6539646366386331336166346238393733633833333933610a6662653839626566653531376
616132643235353238356462313161616138356331323861633465353637363937346537383
3436653631353037300a3564396439613963616163343236633564393130353030653062653
393632346538396436616431306235333864623939316132373534323462656635656232326
316630333237383766616434616566393566336261363335663964633230653764366533343
613862623630646536393266616537383162306465636461353965343033663064663230663
663165633363353639633762653166393734663634363939383961633463663662353736376
633562393932383865306466376366343132373664346561363031373038626565303262636
376662653534653232643665353434633338356431393439303761383736353137393862316
303535623438666530323166306130336331666132356539383530333131643134633065626
393763613331396538323634636236636335356132363838356363626336633836346537646
633762363466363536616134353731306132383862653632633265633234316637363039386
333266393838316465616663366636633366316139393135323161336132303637623362313
356639366565396464376362626463316230383966653438663761333334636631333338653
383165653838343639376238303936616537353865373535646337613337343937633035326
303466353832343765376530306239616362656535663334636362386434656339643334366
326531646533666133643262663532623465363635353866646538396263643165656338343
396530633134333765303538353262623061316665316366356437313235636266313731386
333565633538396131366434653736323436396534653334363839623864323538336437653
666161393934613630616430343563643131623333366433323862666465383930386362303
326633376163326465316465363736333339633064383165616134373137613633643261383
393665653634303631383961313834636338366238373734373065303338366264333639656
303339613832666433323634386364633663353566353665613630393766643966616632613
3265
